3994	5952	19
0.21742281317710876	3.4333386421203613	-0.7102110385894775	0.20331503450870514	0.1412750631570816	1.0	7	0.0	0	0.0	0	0.25285017490386963	0.47859251499176025	-0.8408424258232117	0.9628773331642151	-0.039572715759277344	0.2670232653617859	0.0945209264755249	-0.877144992351532	-0.47083187103271484
0.25701895356178284	3.4724068641662598	-0.6592987179756165	0.20958536863327026	0.13364988565444946	1.0	7	0.0	0	0.0	0	0.4044896066188812	0.7083097100257874	-0.5785201787948608	0.8716933727264404	-0.1072373241186142	0.4781745672225952	0.2766566872596741	-0.697708785533905	-0.6608052253723145
0.31435832381248474	3.420431137084961	-0.6817179322242737	0.21909910440444946	0.14266656339168549	1.0	7	0.0	0	0.0	0	0.3676723539829254	0.6255455613136292	-0.6881205439567566	0.9019423723220825	-0.05962090939283371	0.4277210831642151	0.22653262317180634	-0.7779062390327454	-0.586126983165741
0.11336156725883484	3.4435577392578125	-0.7266298532485962	0.18629039824008942	0.14002054929733276	1.0	7	0.0	0	0.0	0	0.129015251994133	0.3802531361579895	-0.9158398509025574	0.9911344647407532	-0.019882744178175926	0.13136683404445648	0.03174323961138725	-0.9246687889099121	-0.37944719195365906
0.18114511668682098	3.482767105102539	-0.6890090703964233	0.19727137684822083	0.13270318508148193	1.0	7	0.0	0	0.0	0	0.2885347604751587	0.585643470287323	-0.7574756741523743	0.9450279474258423	-0.04707017168402672	0.32358410954475403	0.15385040640830994	-0.8092009425163269	-0.5670308470726013
0.20499008893966675	3.517854690551758	-0.637853741645813	0.20094530284404755	0.1257198303937912	0.5	7	0.5	1	0.0	0	0.4484189450740814	0.7139938473701477	-0.5377110838890076	0.8242068290710449	-0.09753689169883728	0.5578259825706482	0.34583765268325806	-0.693324863910675	-0.6322159171104431
0.09592625498771667	3.4910085201263428	-0.706229031085968	0.1833498775959015	0.13179047405719757	1.0	7	0.0	0	0.0	0	0.15056224167346954	0.48411449790000916	-0.8619536757469177	0.9869829416275024	-0.023752106353640556	0.1590614914894104	0.05653075501322746	-0.8746822476387024	-0.4813888967037201
0.1460859477519989	3.525136709213257	-0.667172372341156	0.19141888618469238	0.12526434659957886	0.5	7	0.5	1	0.0	0	0.3210448622703552	0.6230875253677368	-0.7132266163825989	0.9275074005126953	-0.05460512265563011	0.36979514360427856	0.19146889448165894	-0.7802436947822571	-0.595448911190033
0.3615317940711975	3.3593029975891113	-0.704362154006958	0.22693368792533875	0.1531783789396286	1.0	7	0.0	0	0.0	0	0.31126856803894043	0.4647780954837799	-0.8289108276367188	0.9436719417572021	-0.04816090688109398	0.32735884189605713	0.11222811788320541	-0.8841164112091064	-0.4535890221595764
0.3918564021587372	3.410435676574707	-0.6364087462425232	0.23159560561180115	0.14316576719284058	1.0	7	0.0	0	0.0	0	0.4483564794063568	0.7719048857688904	-0.4507100284099579	0.8299380540847778	-0.17225360870361328	0.5305955410003662	0.33193281292915344	-0.6119572520256042	-0.7178641557693481
0.48092639446258545	3.3437514305114746	-0.6628968119621277	0.24634034931659698	0.15467742085456848	1.0	7	0.0	0	0.0	0	0.35593047738075256	0.6936761736869812	-0.6262003183364868	0.9160436987876892	-0.12642109394073486	0.380633145570755	0.18487124145030975	-0.7091058492660522	-0.6804348230361938
0.24566532671451569	3.3733320236206055	-0.7294955253601074	0.2080172747373581	0.1515207290649414	1.0	7	0.0	0	0.0	0	0.2079046666622162	0.329612672328949	-0.9209403395652771	0.977343738079071	-0.03180275112390518	0.2092553973197937	0.03968479111790657	-0.9435804486274719	-0.32875683903694153
0.1268601417541504	3.3840270042419434	-0.744767427444458	0.18856075406074524	0.15016022324562073	1.0	7	0.0	0	0.0	0	0.10627694427967072	0.26527920365333557	-0.9582964777946472	0.994256854057312	-0.016152644529938698	0.10579357296228409	0.012585815042257309	-0.9640363454818726	-0.2654723525047302
0.0063985916785895824	3.3882992267608643	-0.7500239014625549	0.16877175867557526	0.1495957225561142	0.5	7	0.5	3	0.0	0	-2.464864792273147e-07	0.2474157214164734	-0.9689094424247742	1.0	7.386865377156937e-07	-6.54975664815538e-08	6.995152261879412e-07	-0.9689094424247742	-0.2474157214164734
0.0063985916785895824	3.4476566314697266	-0.7320330739021301	0.16872316598892212	0.13948790729045868	0.5	7	0.5	3	0.0	0	-5.988903808429313e-07	0.3476574420928955	-0.9376216530799866	1.0	5.300985890244192e-07	-4.4197116721989005e-07	3.433773372307769e-07	-0.9376216530799866	-0.3476574420928955
0.0063985916785895824	3.494340419769287	-0.7118360996246338	0.1686519831418991	0.13138778507709503	0.5	7	0.5	3	0.0	0	1.7903880689118523e-07	0.44478359818458557	-0.8956380486488342	1.0	-1.785158474376658e-07	1.1031212210355079e-07	-1.1082056516897865e-07	-0.8956380486488342	-0.44478359818458557
0.07841196656227112	3.530860424041748	-0.6845672726631165	0.1803831309080124	0.12476570159196854	0.5	7	0.5	1	0.0	0	0.16862009465694427	0.5411186218261719	-0.823867678642273	0.9827019572257996	-0.027353698387742043	0.18316255509853363	0.0765768364071846	-0.8405012488365173	-0.5363706946372986
0.0063985916785895824	3.533175468444824	-0.6903124451637268	0.1685670167207718	0.12453196197748184	0.3333333333333333	7	0.3333333333333333	3	0.3333333333333333	1	3.9820497477194294e-07	0.5066236853599548	-0.8621672987937927	1.0	-7.285274818968901e-07	3.3816014877174894e-08	-6.109805781306932e-07	-0.8621672987937927	-0.5066236853599548
0.0643150806427002	3.567625045776367	-0.6625985503196716	0.17797446250915527	0.1182357594370842	0.5	7	0.5	1	0.0	0	0.18582448363304138	0.535494327545166	-0.8238416910171509	0.9791033267974854	-0.03041354939341545	0.20107635855674744	0.08261929452419281	-0.8439910411834717	-0.5299558639526367
0.11860774457454681	3.564216136932373	-0.6455983519554138	0.18681247532367706	0.11836748570203781	0.5	7	0.5	1	0.0	0	0.35781440138816833	0.5843802690505981	-0.7283326983451843	0.9142574667930603	-0.060533810406923294	0.4005858600139618	0.19000571966171265	-0.8092190027236938	-0.5559338927268982
0.1656528264284134	3.5597786903381348	-0.6176835298538208	0.19439758360385895	0.11839498579502106	0.5	7	0.5	1	0.0	0	0.5115742683410645	0.6393758654594421	-0.5740124583244324	0.8014135360717773	-0.1141224056482315	0.5871221423149109	0.30988404154777527	-0.7603778839111328	-0.5707865953445435
0.20182646811008453	3.5553300380706787	-0.5791967511177063	0.2001362293958664	0.11816120147705078	0.5	7	0.5	1	0.0	0	0.6312720775604248	0.6784564852714539	-0.3757557272911072	0.6429451107978821	-0.18685556948184967	0.7427695393562317	0.4337247610092163	-0.7104799747467041	-0.5541669726371765
0.25033044815063477	3.510946035385132	-0.5961979031562805	0.20817294716835022	0.12580755352973938	0.5	7	0.5	1	0.0	0	0.5347883701324463	0.7784023284912109	-0.32877230644226074	0.6839219927787781	-0.17024345695972443	0.7094138264656067	0.49623799324035645	-0.6042408347129822	-0.6234106421470642
0.25701895356178284	3.4724068641662598	-0.6592987179756165	0.5284486413002014	0.6530686020851135	1.0	7	0.0	0	0.0	0	0.4044896066188812	0.7083097100257874	-0.5785201787948608	0.058300964534282684	0.6113210916519165	0.7892322540283203	0.9126823544502258	-0.35296449065208435	0.20597785711288452
0.25033044815063477	3.510946035385132	-0.5961979031562805	0.5348888635635376	0.6520000100135803	0.5	7	0.5	1	0.0	0	0.5347883701324463	0.7784023284912109	-0.32877230644226074	-0.021171515807509422	0.40130746364593506	0.9156987071037292	0.844720721244812	-0.48274436593055725	0.23109449446201324
0.3156020939350128	3.4633584022521973	-0.6151028871536255	0.5336428284645081	0.6635953783988953	1.0	7	0.0	0	0.0	0	0.48288270831108093	0.8023006319999695	-0.3509102463722229	-0.006955168675631285	0.4042277932167053	0.9146319031715393	0.8756574392318726	-0.43921929597854614	0.20077475905418396
0.3156020939350128	3.4633584022521973	-0.6151028871536255	0.21897640824317932	0.13402263820171356	1.0	7	0.0	0	0.0	0	0.48288270831108093	0.8023006319999695	-0.3509102463722229	0.7587547302246094	-0.1832856833934784	0.6250581741333008	0.4371677041053772	-0.5680845379829407	-0.6972548365592957
0.38498449325561523	3.09145188331604	-0.2086649090051651	0.429576575756073	0.11072247475385666	1.0	7	0.0	0	0.0	0	0.34840908646583557	0.04933936521410942	0.9360431432723999	-0.9370112419128418	-0.008214438334107399	0.3492024540901184	0.02491849474608898	-0.998748242855072	0.043369557708501816
0.2652917206287384	3.1730475425720215	-0.1759554147720337	0.44787168502807617	0.09713980555534363	1.0	7	0.0	0	0.0	0	0.2739557921886444	0.176582932472229	0.9453924298286438	-0.9600843191146851	-0.007482319138944149	0.279610812664032	0.056448228657245636	-0.9842574000358582	0.16748468577861786
0.2613127827644348	3.0862250328063965	-0.16103965044021606	0.44807949662208557	0.1114015057682991	1.0	7	0.0	0	0.0	0	0.3137127161026001	0.12869824469089508	0.9407556056976318	-0.9482919573783875	-0.007865301333367825	0.31730183959007263	0.048235513269901276	-0.9916526079177856	0.11957606673240662
0.3883771598339081	3.17828631401062	-0.21715515851974487	0.42926257848739624	0.09644614160060883	1.0	7	0.0	0	0.0	0	0.3158358931541443	0.14156493544578552	0.9381935000419617	-0.9473468065261841	-0.007913204841315746	0.32011139392852783	0.0527406707406044	-0.9898973703384399	0.13161183893680573
0.2630320191383362	3.255586624145508	-0.19421780109405518	0.4487784504890442	0.08358506113290787	1.0	7	0.0	0	0.0	0	0.2635132372379303	0.2678181827068329	0.9267330765724182	-0.9612696766853333	-0.00752020999789238	0.2755068838596344	0.08075498044490814	-0.9634401202201843	0.2554638087749481
0.13701945543289185	3.168828248977661	-0.14472368359565735	0.4676304757595062	0.09768084436655045	1.0	7	0.0	0	0.0	0	0.16155774891376495	0.2082245647907257	0.9646458625793457	-0.9860224723815918	-0.006284167058765888	0.16649432480335236	0.04073019698262215	-0.9780608415603638	0.20429880917072296
0.13461220264434814	3.0810601711273193	-0.12653803825378418	0.467482328414917	0.11209311336278915	1.0	7	0.0	0	0.0	0	0.17923325300216675	0.1885640174150467	0.9655666947364807	-0.9829568862915039	-0.006458753254264593	0.1837226152420044	0.040879834443330765	-0.982039749622345	0.1841926872730255
0.13570433855056763	3.253157138824463	-0.1644790768623352	0.46843060851097107	0.08383503556251526	1.0	7	0.0	0	0.0	0	0.15316884219646454	0.2580750286579132	0.9539060592651367	-0.9870672225952148	-0.006253226660192013	0.1601853370666504	0.047304823994636536	-0.9661046862602234	0.2537795901298523
0.5028281211853027	3.097334623336792	-0.25360047817230225	0.4119313657283783	0.10992608219385147	0.5	8	0.5	7	0.0	0	0.2937215268611908	-0.06351438164710999	0.9537785649299622	-0.955823540687561	-0.007656125817447901	0.2938414514064789	-0.011360909789800644	-0.9979515671730042	-0.06295730918645859
0.3731776773929596	3.0031607151031494	-0.20346705615520477	0.4313540756702423	0.12523871660232544	0.5	7	0.5	0	0.0	0	0.46901825070381165	-0.0743628740310669	0.8800522685050964	-0.8827837705612183	-0.009308600798249245	0.46968749165534973	-0.026735257357358932	-0.9971878528594971	-0.07001224160194397
0.5106083154678345	2.9843404293060303	-0.2848047614097595	0.4116899073123932	0.12859277427196503	0.3333333333333333	8	0.3333333333333333	7	0.3333333333333333	0	0.2605864405632019	-0.49283406138420105	0.8301863074302673	-0.9561929106712341	-0.012950136326253414	0.29245078563690186	-0.13337868452072144	-0.8700269460678101	-0.474619060754776
0.5014783143997192	3.183589220046997	-0.2552858591079712	0.4121713638305664	0.09572876244783401	0.5	8	0.5	7	0.0	0	0.2758495509624481	0.13953809440135956	0.9510184526443481	-0.9600915312767029	-0.007522221188992262	0.27958497405052185	0.04616652801632881	-0.9901881814002991	0.1318943351507187
0.38596582412719727	3.258657932281494	-0.23496735095977783	0.4301805794239044	0.08324726670980453	1.0	7	0.0	0	0.0	0	0.3214549422264099	0.31807440519332886	0.8919054865837097	-0.9408802390098572	0.001032624626532197	0.3387378752231598	0.10682284832000732	-0.9480652213096619	0.29960185289382935
0.48708003759384155	3.332029342651367	-0.3214026689529419	0.5802180171012878	0.7007745504379272	1.0	7	0.0	0	0.0	0	0.3811621367931366	0.6897592544555664	0.6155871748924255	-0.20524337887763977	-0.586105227470398	0.7838085293769836	0.9014381170272827	-0.4251033663749695	-0.08183259516954422
0.38596582412719727	3.258657932281494	-0.23496735095977783	0.6012216210365295	0.6884502172470093	1.0	7	0.0	0	0.0	0	0.3214549422264099	0.31807440519332886	0.8919054865837097	-0.27329021692276	-0.8706533312797546	0.4089928865432739	0.9066307544708252	-0.3752218782901764	-0.19294922053813934
0.4994680881500244	3.2590436935424805	-0.2751839756965637	0.5918640494346619	0.7059007883071899	0.5	8	0.5	7	0.0	0	0.2938957214355469	0.4266481101512909	0.8553343415260315	-0.268329381942749	-0.8220424652099609	0.5022407174110413	0.9174010753631592	-0.37711769342422485	-0.1271125227212906
0.3665958344936371	3.331242561340332	-0.2589645981788635	0.43403589725494385	0.07132964581251144	1.0	7	0.0	0	0.0	0	0.36798906326293945	0.4797966182231903	0.7964792847633362	-0.9157071113586426	0.03827223181724548	0.4000195860862732	0.1614450067281723	-0.8765445947647095	0.453436940908432
0.24918818473815918	3.3301665782928467	-0.2154892385005951	0.4516545832157135	0.07133784145116806	1.0	7	0.0	0	0.0	0	0.2763049006462097	0.3792659044265747	0.8830702304840088	-0.9548664689064026	0.004103006329387426	0.29700711369514465	0.10902143269777298	-0.9252786636352539	0.3632819652557373
0.12866070866584778	3.329543352127075	-0.1866494119167328	0.47023501992225647	0.07129713147878647	1.0	7	0.0	0	0.0	0	0.15417517721652985	0.3371180295944214	0.928752601146698	-0.9860993027687073	-0.006440100725740194	0.16603247821331024	0.06195380166172981	-0.9414404034614563	0.33143895864486694
0.006398589815944433	3.252239227294922	-0.15308403968811035	0.48897552490234375	0.08386962860822678	0.5	7	0.5	3	0.0	0	-5.8413689885128406e-08	0.25883376598358154	0.9659218788146973	-0.99998939037323	-0.004464367870241404	0.0011962332064285874	0.00462185638025403	-0.9659116268157959	0.2588310241699219
0.006398594472557306	3.1670734882354736	-0.13252055644989014	0.48836299777030945	0.09785071760416031	0.5	7	0.5	3	0.0	0	-1.2392153792006866e-07	0.2205037772655487	0.9753861427307129	-0.9999895095825195	-0.00446230499073863	0.0010086531983688474	0.004574882332235575	-0.9753758907318115	0.22050146758556366
0.00639859214425087	3.078664779663086	-0.11345654726028442	0.4877985119819641	0.11236852407455444	0.5	7	0.5	3	0.0	0	-9.532763023401003e-09	0.2073609083890915	0.9782645106315613	-0.9999896287918091	-0.004461788572371006	0.0009457493433728814	0.004560920875519514	-0.9782543778419495	0.20735876262187958
0.1299644112586975	2.994504928588867	-0.10864108800888062	0.4677049517631531	0.12630467116832733	0.5	7	0.5	0	0.0	0	0.19742628931999207	0.19302384555339813	0.9611267447471619	-0.9792625904083252	-0.006644792854785919	0.2024860680103302	0.045471128076314926	-0.9811715483665466	0.18770918250083923
0.006398590747267008	2.991814374923706	-0.09495794773101807	0.4872511625289917	0.12663091719150543	0.3333333333333333	7	0.3333333333333333	3	0.3333333333333333	0	7.150922698428985e-08	0.21337607502937317	0.9769701361656189	-0.9999896287918091	-0.0044617680832743645	0.0009745529969222844	0.0045669605024158955	-0.9769600033760071	0.21337385475635529
0.2522452175617218	2.9999797344207764	-0.14632228016853333	0.4491158425807953	0.1255648136138916	0.5	7	0.5	0	0.0	0	0.36468151211738586	0.11962208896875381	0.9234164357185364	-0.929692268371582	-0.008355585858225822	0.36824238300323486	0.05176560580730438	-0.992784321308136	0.10816460102796555
0.19193294644355774	2.350278615951538	-0.736966073513031	0.19836387038230896	0.3182030916213989	0.8268234596567081	15	0.1731765403432919	0	0.0	0	0.3267717659473419	-0.04025518521666527	-0.9442456364631653	0.9431606531143188	-0.0501360148191452	0.32853367924690247	-0.06056588888168335	-0.9979307651519775	0.021584073081612587
0.10735347867012024	2.2522950172424316	-0.7475966215133667	0.18442311882972717	0.33441391587257385	0.8398175306286112	15	0.16018246937138875	0	0.0	0	0.11088842898607254	-0.0906151831150055	-0.9896931648254395	0.9934597015380859	-0.017180023714900017	0.11288344115018845	-0.02723190374672413	-0.9957377314567566	0.08811746537685394
0.10218286514282227	2.3458993434906006	-0.7586568593978882	0.18371063470840454	0.3194555640220642	0.7775431449901402	15	0.22245685500985982	0	0.0	0	0.1608874350786209	-0.11267992109060287	-0.9805195331573486	0.9860295057296753	-0.025075042620301247	0.1646731197834015	-0.043141916394233704	-0.9933149218559265	0.10707145184278488
0.28257784247398376	2.285444736480713	-0.6964936256408691	0.21300427615642548	0.3277472257614136	0.9186708276821492	15	0.08132917231785072	0	0.0	0	0.5340681076049805	0.07894652336835861	-0.8417474031448364	0.845100462436676	-0.07812422513961792	0.5288683772087097	-0.024008549749851227	-0.9938129186630249	-0.10844141244888306
0.2015843391418457	2.266707181930542	-0.731263279914856	0.19985119998455048	0.3316619396209717	0.8774762253003783	15	0.12252377469962177	0	0.0	0	0.27782320976257324	-0.013346453197300434	-0.9605395197868347	0.9596009254455566	-0.04246589541435242	0.2781417965888977	-0.0445023737847805	-0.9990087747573853	0.0010092565789818764
0.21891534328460693	2.1630780696868896	-0.7254104018211365	0.2025846242904663	0.3483814001083374	0.4831347308327773	16	0.4831347308327773	15	0.033730538334445344	0	0.22835341095924377	-0.014414581470191479	-0.9734716415405273	0.9728659391403198	-0.03486502170562744	0.22872759401798248	-0.03723711892962456	-0.999288022518158	0.006061907857656479
0.11786356568336487	2.1415600776672363	-0.7350870370864868	0.18599198758602142	0.3521241247653961	0.4772432693452538	16	0.4772432693452538	15	0.04551346130949243	0	0.0506189800798893	-0.10361853241920471	-0.9933282136917114	0.9986315965652466	-0.007832862436771393	0.05170632153749466	-0.01313833799213171	-0.9945863485336304	0.10308026522397995
0.30405279994010925	2.184725046157837	-0.6946510672569275	0.21644385159015656	0.3440929651260376	0.4891734688469558	16	0.4891734688469558	15	0.02165306230608845	0	0.4884321987628937	0.08537368476390839	-0.8684154152870178	0.8723013997077942	-0.0738881453871727	0.4833539128303528	-0.022899899631738663	-0.9936054944992065	-0.11056092381477356
0.09976685792207718	2.4261701107025146	-0.7690688967704773	0.18343676626682281	0.3066510260105133	0.723866764754377	15	0.276133235245623	0	0.0	0	0.2221532166004181	-0.12740427255630493	-0.9666520953178406	0.9729985594749451	-0.034710172563791275	0.22818653285503387	-0.06262459605932236	-0.9912433624267578	0.11625318229198456
0.00639859214425087	2.3485941886901855	-0.7666417360305786	0.16799569129943848	0.31921571493148804	0.4232344684353126	15	0.4232344684353126	11	0.15353106312937484	0	-3.08124782577579e-07	-0.16097323596477509	-0.9869587421417236	1.0	-7.023836587904952e-07	-1.929478798956552e-07	-6.621642114623683e-07	-0.9869587421417236	0.16097323596477509
0.0063985916785895824	2.476194143295288	-0.7948662638664246	0.16825591027736664	0.2991518974304199	0.40262911000025486	15	0.40262911000025486	11	0.19474177999949027	0	4.47489441057769e-08	-0.1597248613834381	-0.9871615767478943	1.0	1.7612286740131822e-08	4.562493316484506e-08	1.0098736069608094e-08	-0.9871615767478943	0.1597248613834381
0.18704122304916382	2.421393871307373	-0.7424879670143127	0.19764834642410278	0.3067668676376343	0.7816994571319291	15	0.2183005428680709	0	0.0	0	0.3711073398590088	-0.057414282113313675	-0.9268133640289307	0.9256031513214111	-0.05711774155497551	0.3741610646247864	-0.07441966235637665	-0.9967151880264282	0.03194602578878403
0.26971468329429626	2.363563060760498	-0.6987602114677429	0.21096520125865936	0.3150903284549713	0.8827732171148618	15	0.11722678288513824	0	0.0	0	0.5766047835350037	0.048070888966321945	-0.8156079053878784	0.8162912130355835	-0.07614582031965256	0.5725998878479004	-0.034579742699861526	-0.9959372878074646	-0.0831458792090416
0.26281437277793884	2.430025577545166	-0.7016187310218811	0.7741687297821045	0.09180445969104767	0.8495755512754363	15	0.1504244487245637	0	0.0	0	0.6091480851173401	0.008491726592183113	-0.7930110096931458	0.7922264933586121	-0.05225148797035217	0.6079859733581543	-0.036273155361413956	-0.9985978603363037	-0.03855626657605171
0.32973015308380127	2.3786962032318115	-0.6375487446784973	0.7853137254714966	0.09928584843873978	0.9468446008872222	15	0.053155399112777765	0	0.0	0	0.8145444989204407	0.12954556941986084	-0.5654513239860535	0.5734580755233765	-0.03272532671689987	0.8185809850692749	0.08753896504640579	-0.9910333752632141	-0.10094519704580307
0.26971468329429626	2.363563060760498	-0.6987602114677429	0.7743136286735535	0.10251966863870621	0.8827732171148618	15	0.11722678288513824	0	0.0	0	0.5766047835350037	0.048070888966321945	-0.8156079053878784	0.8168926239013672	-0.051773134618997574	0.5744615793228149	-0.01461169496178627	-0.9975012540817261	-0.06912138313055038
0.34466373920440674	2.3027796745300293	-0.6377524733543396	0.7850133180618286	0.11134752631187439	0.9639238532654393	15	0.03607614673456075	0	0.0	0	0.7872335314750671	0.1720263510942459	-0.5921741724014282	0.6034910678863525	-0.017562128603458405	0.7971763610839844	0.12673550844192505	-0.9849357604980469	-0.1176418662071228
0.28257784247398376	2.285444736480713	-0.6964936256408691	0.7743738889694214	0.11500448733568192	0.9186708276821492	15	0.08132917231785072	0	0.0	0	0.5340681076049805	0.07894652336835861	-0.8417474031448364	0.8454415202140808	-0.04959189519286156	0.5317606925964355	0.00023681300808675587	-0.9956446290016174	-0.09323011338710785
0.36868903040885925	2.202073812484741	-0.6385698318481445	0.22678810358047485	0.33987393975257874	0.49536507395407753	16	0.49536507395407753	15	0.009269852091844992	0	0.7624474763870239	0.18539263308048248	-0.6199221611022949	0.6445040702819824	-0.13268741965293884	0.7529997229576111	0.05734472721815109	-0.9736649990081787	-0.2206534743309021
0.3371049463748932	2.050232410430908	-0.6930297017097473	0.22176143527030945	0.3659406006336212	0.5	16	0.5	15	0.0	0	0.44166699051856995	0.10125275701284409	-0.8914472460746765	0.8970485329627991	-0.06678632646799088	0.43685635924339294	-0.015303574502468109	-0.9926165342330933	-0.1203259527683258
0.24937908351421356	2.029984951019287	-0.7191557288169861	0.2074522078037262	0.3698859214782715	0.5	16	0.5	15	0.0	0	0.1517498791217804	-0.022726910188794136	-0.9881576299667358	0.9880722165107727	-0.022989921271800995	0.1522655189037323	-0.026178190484642982	-0.9994773864746094	0.01896711066365242
0.14484891295433044	2.0041801929473877	-0.7186073660850525	0.1902279108762741	0.37407186627388	0.5	16	0.5	15	0.0	0	-0.07200082391500473	-0.19024376571178436	-0.979093074798584	0.997045636177063	0.01260568667203188	-0.07577037811279297	0.026756979525089264	-0.9816558957099915	0.18877407908439636
0.006398592609912157	2.1296825408935547	-0.7338866591453552	0.16763465106487274	0.35402727127075195	0.3333333333333333	16	0.3333333333333333	15	0.3333333333333333	12	-6.291089960086538e-08	-0.1746121346950531	-0.9846373200416565	1.0	0.0	-5.975196870622312e-08	1.0433418573541076e-08	-0.9846373200416565	0.1746121346950531
0.0063985963352024555	1.952115535736084	-0.683474600315094	0.16721183061599731	0.3816708028316498	0.3333333333333333	16	0.3333333333333333	15	0.3333333333333333	12	-1.8590922934436094e-07	-0.4074704647064209	-0.9132183790206909	1.0	-9.030554970479443e-09	-1.9340438939252635e-07	7.055970741021156e-08	-0.9132183790206909	0.4074704647064209
0.006398592609912157	2.246591567993164	-0.7516409158706665	0.16782888770103455	0.33544278144836426	0.4460626247697032	15	0.4460626247697032	11	0.10787475046059354	0	-1.3769461304491415e-07	-0.1296645998954773	-0.9915578961372375	1.0	-2.3315085684316728e-07	-1.0611115897063428e-07	-2.1742370392985322e-07	-0.9915578961372375	0.1296645998954773
0.5949128270149231	3.114985942840576	-0.7105578780174255	0.265165239572525	0.19309388101100922	0.5	8	0.5	7	0.0	0	0.056527040898799896	-0.0865432396531105	-0.9946432113647461	0.9983089566230774	-0.008634411729872227	0.057486642152071	-0.013563239946961403	-0.9962107539176941	0.08590880781412125
0.6668146848678589	3.1903610229492188	-0.7015758156776428	0.27701014280319214	0.18060345947742462	0.5	8	0.5	7	0.0	0	0.20885203778743744	0.20945587754249573	-0.9552534818649292	0.9778590202331543	-0.03160633519291878	0.20686417818069458	0.013136852532625198	-0.977307140827179	-0.21141934394836426
0.6811171770095825	3.121037721633911	-0.7038661241531372	0.2793182134628296	0.19194243848323822	0.5	8	0.5	7	0.0	0	0.16788826882839203	0.011250217445194721	-0.9857417941093445	0.9855313897132874	-0.025517623871564865	0.16756120324134827	-0.023268690332770348	-0.9996110200881958	-0.015371551737189293
0.5871617197990417	3.1935272216796875	-0.711132824420929	0.2639584541320801	0.18032598495483398	0.5	8	0.5	7	0.0	0	0.11790374666452408	0.1376740038394928	-0.9834351539611816	0.9930239319801331	-0.01782272197306156	0.11655827611684799	-0.0014804452657699585	-0.9903172254562378	-0.13881492614746094
0.6584346890449524	3.2423720359802246	-0.6838166117668152	0.2755777835845947	0.1716969609260559	0.5	8	0.5	7	0.0	0	0.27040064334869385	0.5369858741760254	-0.7990804314613342	0.9546176195144653	-0.041906822472810745	0.2948712110519409	0.12485476583242416	-0.842549741268158	-0.5239478349685669
0.7294454574584961	3.189692974090576	-0.681736946105957	0.2872069478034973	0.18021845817565918	0.5	8	0.5	7	0.0	0	0.445466548204422	0.31158947944641113	-0.8393280506134033	0.8914857506752014	-0.06794567406177521	0.44792482256889343	0.08253994584083557	-0.9477844834327698	-0.3080451190471649
0.7498828172683716	3.1274313926696777	-0.6845477819442749	0.2905332148075104	0.19042114913463593	0.5	8	0.5	7	0.0	0	0.4344245493412018	0.1315741091966629	-0.891046404838562	0.9007059931755066	-0.06566661596298218	0.429437518119812	-0.0020091424230486155	-0.9891290068626404	-0.14703677594661713
0.7140443921089172	3.2332894802093506	-0.6656014919281006	0.2846211791038513	0.17272180318832397	0.5	8	0.5	7	0.0	0	0.43361377716064453	0.5881403088569641	-0.6826932430267334	0.8690018057823181	-0.07252871990203857	0.4894644320011139	0.23835894465446472	-0.8055002689361572	-0.5425444841384888
0.5006482601165771	2.99574613571167	-0.6811540722846985	0.24939490854740143	0.2117677628993988	0.3333333333333333	8	0.3333333333333333	7	0.3333333333333333	0	0.09018424153327942	-0.48722609877586365	-0.8686066269874573	0.9928871393203735	-0.024085944518446922	0.11659831553697586	-0.0777309462428093	-0.8729436993598938	0.48158836364746094
0.6179295778274536	3.0199179649353027	-0.697068452835083	0.268799751996994	0.20822997391223907	0.5	8	0.5	7	0.0	0	-0.049819886684417725	-0.20254398882389069	-0.978005051612854	0.9985697865486145	0.008920427411794662	-0.05271487683057785	0.019401302561163902	-0.9792325496673584	0.20180989801883698
0.49195554852485657	3.1124918460845947	-0.7174994349479675	0.2482600063085556	0.1936725229024887	0.5	8	0.5	7	0.0	0	0.1524278223514557	-0.1392221748828888	-0.9784594774246216	0.9872628450393677	-0.02421266958117485	0.15724438428878784	-0.04558302462100983	-0.9899652004241943	0.13375820219516754
0.4912041127681732	3.199496269226074	-0.7205812335014343	0.24822568893432617	0.17958968877792358	0.5	8	0.5	7	0.0	0	0.14370577037334442	0.0949597880244255	-0.9850539565086365	0.989588737487793	-0.021755574271082878	0.14227008819580078	-0.007920476607978344	-0.9952433705329895	-0.09709753096103668
0.5844368934631348	3.2566182613372803	-0.6939530968666077	0.26346904039382935	0.1696307361125946	0.5	8	0.5	7	0.0	0	0.2026180922985077	0.46855291724205017	-0.8598860502243042	0.9764937162399292	-0.030744746327400208	0.21334193646907806	0.07352501153945923	-0.8829002976417542	-0.4637684226036072
0.4906643033027649	3.2738871574401855	-0.7052640318870544	0.2481153905391693	0.16710181534290314	0.5	8	0.5	7	0.0	0	0.20755672454833984	0.38186556100845337	-0.9006102681159973	0.9768281579017639	-0.031759798526763916	0.2116556614637375	0.05222081020474434	-0.9236720204353333	-0.37960898876190186
0.5859559178352356	3.302532196044922	-0.6529531478881836	0.26353374123573303	0.1611381620168686	1.0	7	0.0	0	0.0	0	0.3244599997997284	0.7586663961410522	-0.564934492111206	0.9233807921409607	-0.1244967058300972	0.36313706636428833	0.20516739785671234	-0.6394730806350708	-0.7409321665763855
0.6554648876190186	3.2782068252563477	-0.6449938416481018	0.2749073803424835	0.16489891707897186	1.0	7	0.0	0	0.0	0	0.35031658411026	0.793698251247406	-0.49731436371803284	0.8936524987220764	-0.12424144893884659	0.43121838569641113	0.28047019243240356	-0.5954891443252563	-0.7528141736984253
0.7055616974830627	3.261402130126953	-0.6319552063941956	0.28306540846824646	0.16730932891368866	1.0	7	0.0	0	0.0	0	0.42339321970939636	0.8049241900444031	-0.41573452949523926	0.810527503490448	-0.13156309723854065	0.5707332491874695	0.40470170974731445	-0.5786088109016418	-0.7081160545349121
0.7354348301887512	3.2506422996520996	-0.6163851618766785	0.28788700699806213	0.16867296397686005	1.0	7	0.0	0	0.0	0	0.5281729698181152	0.7841004133224487	-0.32591378688812256	0.7042626738548279	-0.19007864594459534	0.6840206384658813	0.4743916392326355	-0.5908101201057434	-0.6526070833206177
0.7522988319396973	3.229623317718506	-0.6322131752967834	0.29073062539100647	0.17248758673667908	0.5	8	0.5	7	0.0	0	0.6276364922523499	0.6261293888092041	-0.4626384973526001	0.6961691975593567	-0.18541187047958374	0.6935206651687622	0.348455011844635	-0.7573536038398743	-0.5522632598876953
0.7750688195228577	3.191178321838379	-0.6435071229934692	0.29450681805610657	0.17902535200119019	0.5	8	0.5	7	0.0	0	0.6950218081474304	0.43358150124549866	-0.573543131351471	0.6884011030197144	-0.1710996925830841	0.7048608660697937	0.20748156309127808	-0.8847213983535767	-0.41739600896835327
0.800735592842102	3.1334316730499268	-0.6451647877693176	0.2986910343170166	0.18846455216407776	0.5	8	0.5	7	0.0	0	0.7231712937355042	0.2756097912788391	-0.6332949995994568	0.6826773285865784	-0.146159827709198	0.7159532308578491	0.10476142913103104	-0.9500929713249207	-0.29385116696357727
0.7759730815887451	3.0431461334228516	-0.6791980266571045	0.29472678899765015	0.20400497317314148	0.5	8	0.5	7	0.0	0	0.41541025042533875	0.060847263783216476	-0.9075968265533447	0.909070611000061	-0.06288811564445496	0.4118686318397522	-0.03201597183942795	-0.9961639642715454	-0.0814388170838356
0.8290955424308777	3.052055597305298	-0.6404210925102234	0.3032638132572174	0.20159001648426056	0.5	8	0.5	7	0.0	0	0.7269882559776306	0.18984684348106384	-0.6598835587501526	0.6847339868545532	-0.12869775295257568	0.7173397541046143	0.05125914514064789	-0.9733422994613647	-0.22355633974075317
0.705194354057312	3.032454490661621	-0.696628749370575	0.28316667675971985	0.20617875456809998	0.5	8	0.5	7	0.0	0	0.12496010214090347	-0.06239118054509163	-0.9901981949806213	0.9918021559715271	-0.019013315439224243	0.12636053562164307	-0.02671073004603386	-0.9978706240653992	0.059503793716430664
0.13434289395809174	3.2154312133789062	-0.7741033434867859	0.18981137871742249	0.17832832038402557	1.0	7	0.0	0	0.0	0	0.09514438360929489	0.13071076571941376	-0.9868445992469788	0.995461642742157	-0.014384405687451363	0.09406991302967072	-0.0018992226105183363	-0.9913161993026733	-0.13148614764213562
0.25515639781951904	3.118452548980713	-0.7656292915344238	0.2095634937286377	0.1939001828432083	1.0	7	0.0	0	0.0	0	0.1996583193540573	0.038818471133708954	-0.9790963530540466	0.979617714881897	-0.030379684641957283	0.19856013357639313	-0.02203683741390705	-0.9987843036651611	-0.044092822819948196
0.13143567740917206	3.1058943271636963	-0.7881951332092285	0.18931853771209717	0.19650554656982422	1.0	7	0.0	0	0.0	0	0.12881316244602203	0.10701771080493927	-0.985877513885498	0.9916532039642334	-0.019491221755743027	0.12745201587677002	-0.005576333496719599	-0.9940661191940308	-0.10863517969846725
0.25863009691238403	3.3000845909118652	-0.7456082105636597	0.21017731726169586	0.1638423055410385	1.0	7	0.0	0	0.0	0	0.1658530980348587	0.20041123032569885	-0.965571403503418	0.9861124753952026	-0.02509945258498192	0.16417178511619568	0.00866655819118023	-0.9793903231620789	-0.20179080963134766
0.2600095570087433	3.2141036987304688	-0.7577940821647644	0.2103990614414215	0.17813849449157715	1.0	7	0.0	0	0.0	0	0.1575840562582016	0.10216622799634933	-0.9822063446044922	0.98747718334198	-0.02384735643863678	0.1559491604566574	-0.007490288466215134	-0.9944814443588257	-0.1046447828412056
0.3762691617012024	3.1181259155273438	-0.7392780780792236	0.22934794425964355	0.1932975798845291	1.0	7	0.0	0	0.0	0	0.18544141948223114	-0.03776376321911812	-0.9819294214248657	0.9820293188095093	-0.028541015461087227	0.18655791878700256	-0.03507038950920105	-0.9988790154457092	0.03179243579506874
0.37942564487457275	3.288301944732666	-0.7251613140106201	0.22993221879005432	0.16525104641914368	1.0	7	0.0	0	0.0	0	0.2220153957605362	0.2655660808086395	-0.9381811618804932	0.9746667146682739	-0.033708374947309494	0.2211078405380249	0.027094177901744843	-0.9635032415390015	-0.26632219552993774
0.3805965483188629	3.2076973915100098	-0.7375958561897278	0.23012547194957733	0.1786784529685974	1.0	7	0.0	0	0.0	0	0.1686323583126068	0.08706223964691162	-0.9818265438079834	0.985622763633728	-0.02553807944059372	0.1670198291540146	-0.010532842017710209	-0.9958755373954773	-0.09011706709861755
0.0063985916785895824	3.092651128768921	-0.7991325855255127	0.16879302263259888	0.1989329755306244	0.5	7	0.5	3	0.0	0	-2.325865438024266e-07	0.14977847039699554	-0.9887195825576782	1.0	4.387988639109608e-08	-2.2990592185578862e-07	8.949946561642719e-09	-0.9887195825576782	-0.14977847039699554
0.12633371353149414	2.996727228164673	-0.8002739548683167	0.18845388293266296	0.2145724892616272	0.5	7	0.5	0	0.0	0	0.2069297432899475	0.07899771630764008	-0.9751612544059753	0.9782499670982361	-0.03136942908167839	0.20504392683506012	-0.014392249286174774	-0.9963811635971069	-0.08377077430486679
0.0063985916785895824	2.9059431552886963	-0.8350276350975037	0.16883306205272675	0.23021200299263	0.3333333333333333	7	0.3333333333333333	3	0.3333333333333333	0	1.7422582914150553e-06	0.038274042308330536	-0.9992673397064209	1.0	-3.359163258664921e-07	1.7267867633563583e-06	-2.6957908971780853e-07	-0.9992673397064209	-0.038274042308330536
0.006398588418960571	3.2148189544677734	-0.7807505130767822	0.168794646859169	0.17859336733818054	0.5	7	0.5	3	0.0	0	5.107061440412508e-08	0.14546716213226318	-0.9893631339073181	1.0	-1.5028422239993233e-07	3.1161764724174645e-08	-1.4415266491596412e-07	-0.9893631339073181	-0.14546716213226318
0.13348489999771118	3.308518886566162	-0.760115921497345	0.18967154622077942	0.16283069550991058	1.0	7	0.0	0	0.0	0	0.09057849645614624	0.18104495108127594	-0.9792948365211487	0.9958853721618652	-0.013697429560124874	0.0895807296037674	0.0028043165802955627	-0.9833794832229614	-0.18154069781303406
0.006398588418960571	3.3117620944976807	-0.7655394077301025	0.16879254579544067	0.16243785619735718	0.5	7	0.5	3	0.0	0	2.765572446605802e-07	0.17795035243034363	-0.9840395450592041	1.0	-1.7250430062176747e-07	2.491450743491441e-07	-1.2541559613055142e-07	-0.9840395450592041	-0.17795035243034363
0.3635815382003784	3.0256123542785645	-0.7331761717796326	0.22714988887310028	0.2082017958164215	0.5	7	0.5	0	0.0	0	0.29997777938842773	-0.19283844530582428	-0.9342519044876099	0.9480277895927429	-0.04865938797593117	0.3144448697566986	-0.10609719157218933	-0.9800232648849487	0.16821947693824768
0.24512970447540283	3.0232527256011963	-0.7695159912109375	0.2078554779291153	0.20949018001556396	0.5	7	0.5	0	0.0	0	0.27461057901382446	-0.01740150712430477	-0.9613980650901794	0.9604880213737488	-0.042135339230298996	0.2751132845878601	-0.04529621824622154	-0.9989603161811829	0.0051431297324597836
0.40001675486564636	1.81423020362854	-0.20637208223342896	0.42753198742866516	0.32099005579948425	1.0	16	0.0	0	0.0	0	0.6194449663162231	0.10911229997873306	0.7774204015731812	-0.7825206518173218	0.006545419339090586	0.622590184211731	0.0628437027335167	-0.9940078854560852	0.08943714946508408
0.3811394274234772	1.5586769580841064	-0.17395442724227905	0.4296610653400421	0.3629845082759857	1.0	16	0.0	0	0.0	0	0.33574333786964417	0.015808861702680588	0.9418208599090576	-0.9418647885322571	-0.00808880664408207	0.33589473366737366	0.012928320094943047	-0.9998423457145691	0.012174047529697418
0.4621860086917877	1.57814359664917	-0.22197875380516052	0.4180554449558258	0.35993078351020813	1.0	16	0.0	0	0.0	0	0.6170369386672974	0.10647290199995041	0.7796979546546936	-0.7845507264137268	0.006175119895488024	0.6200340390205383	0.061202093958854675	-0.9942964911460876	0.08734366297721863
0.3145204186439514	1.788710355758667	-0.15482395887374878	0.4397488534450531	0.32503026723861694	1.0	16	0.0	0	0.0	0	0.3552742302417755	0.018134739249944687	0.934586226940155	-0.9346544742584229	-0.008285188116133213	0.3554609417915344	0.01418941468000412	-0.9998012781143188	0.014006201177835464
0.29568642377853394	1.5450037717819214	-0.16030120849609375	0.44305163621902466	0.36514678597450256	1.0	16	0.0	0	0.0	0	-0.11464176326990128	-0.1377783566713333	0.9838061332702637	-0.9932149648666382	-0.0035691233351826668	-0.11623800545930862	0.01952640525996685	-0.9904567003250122	-0.13643436133861542
0.4505310654640198	1.3094996213912964	-0.194956436753273	0.41919049620628357	0.4040958881378174	1.0	16	0.0	0	0.0	0	0.33127355575561523	0.0038069181609898806	0.943527102470398	-0.9434933066368103	-0.008038569241762161	0.33129408955574036	0.008845817297697067	-0.9999604821205139	0.0009288364090025425
0.5275428891181946	1.3225029706954956	-0.24023965001106262	0.40815362334251404	0.40209800004959106	1.0	16	0.0	0	0.0	0	0.6195162534713745	0.09236898273229599	0.7795304656028748	-0.783099353313446	0.003954404499381781	0.6218840479850769	0.054360222071409225	-0.9957170486450195	0.07478391379117966
0.3710513710975647	1.3047071695327759	-0.18313418328762054	0.43166959285736084	0.4048040509223938	1.0	16	0.0	0	0.0	0	-0.14019957184791565	-0.1361996978521347	0.9807108640670776	-0.9898683428764343	-0.0031941644847393036	-0.1419522911310196	0.02246640995144844	-0.9906762838363647	-0.13437195122241974
0.34784117341041565	2.0142107009887695	-0.19214394688606262	0.8562401533126831	0.1620006114244461	0.5	16	0.5	15	0.0	0	0.6347561478614807	0.09457526355981827	0.7669029831886292	-0.7722368240356445	0.11246155202388763	0.6253020763397217	-0.027108993381261826	-0.989145040512085	0.14442016184329987
0.4651011526584625	1.8386896848678589	-0.2818590998649597	0.8421247005462646	0.18740344047546387	1.0	16	0.0	0	0.0	0	0.8168159127235413	0.1782953292131424	0.5486552119255066	-0.5710321664810181	0.11459527164697647	0.8128899931907654	0.08206120133399963	-0.9772813320159912	0.19541563093662262
0.41282063722610474	2.0395050048828125	-0.26949581503868103	0.8446711301803589	0.15586526691913605	0.5	16	0.5	15	0.0	0	0.825515627861023	0.17284570634365082	0.5372600555419922	-0.5585233569145203	0.1134210154414177	0.8216978311538696	0.08109036087989807	-0.9783966541290283	0.19016918540000916
0.34784117341041565	2.0142107009887695	-0.19214394688606262	0.43544918298721313	0.2880031168460846	0.5	16	0.5	15	0.0	0	0.6347561478614807	0.09457526355981827	0.7669029831886292	-0.7705774307250977	0.0037468920927494764	0.6373354196548462	0.05740266293287277	-0.9955106973648071	0.07525592297315598
0.2599928677082062	1.9854626655578613	-0.13720685243606567	0.4479414224624634	0.2925666272640228	0.5	16	0.5	15	0.0	0	0.3937605619430542	-0.0011033910559490323	0.9192123413085938	-0.919182300567627	-0.008651681244373322	0.3937373161315918	0.007518285885453224	-0.9999619722366333	-0.004420908633619547
0.21846699714660645	1.7649879455566406	-0.13561242818832397	0.4546826481819153	0.32882851362228394	1.0	16	0.0	0	0.0	0	-0.038932427763938904	-0.13996519148349762	0.9893907308578491	-0.9991921782493591	-0.004416059236973524	-0.039942845702171326	0.009959816001355648	-0.9901465773582458	-0.1396801918745041
